GameMode:Classic
MoveCount:0
GravityDirection:Down
Score:0
BonusPoints:534
BoardRow:2,2,3,4,4,1,2,3,3,3,3,1,4,4,1,3,3,1,1,2,3,3,3,4,2,
BoardLayout:
[0,0]4[0,1]2[0,2]3[0,3]3[0,4]3[0,5]3[0,6]4[0,7]3[0,8]1[0,9]3[0,10]4[0,11]1[0,12]4[0,13]4[0,14]3[0,15]2[0,16]4[0,17]3[0,18]4[0,19]4[0,20]4[0,21]1[0,22]4[0,23]4[0,24]4
[1,0]4[1,1]4[1,2]3[1,3]2[1,4]3[1,5]4[1,6]4[1,7]1[1,8]3[1,9]1[1,10]2[1,11]4[1,12]2[1,13]2[1,14]3[1,15]2[1,16]1[1,17]1[1,18]4[1,19]4[1,20]2[1,21]4[1,22]1[1,23]4[1,24]4
[2,0]4[2,1]4[2,2]4[2,3]3[2,4]4[2,5]4[2,6]4[2,7]2[2,8]2[2,9]1[2,10]2[2,11]2[2,12]4[2,13]1[2,14]3[2,15]4[2,16]4[2,17]1[2,18]4[2,19]3[2,20]3[2,21]1[2,22]3[2,23]1[2,24]4
[3,0]2[3,1]2[3,2]3[3,3]2[3,4]3[3,5]1[3,6]3[3,7]1[3,8]3[3,9]3[3,10]3[3,11]4[3,12]3[3,13]1[3,14]3[3,15]4[3,16]2[3,17]1[3,18]1[3,19]2[3,20]4[3,21]3[3,22]4[3,23]4[3,24]1
[4,0]2[4,1]2[4,2]1[4,3]3[4,4]3[4,5]4[4,6]1[4,7]2[4,8]4[4,9]1[4,10]3[4,11]2[4,12]4[4,13]3[4,14]3[4,15]4[4,16]1[4,17]4[4,18]2[4,19]4[4,20]3[4,21]3[4,22]2[4,23]1[4,24]1
[5,0]3[5,1]2[5,2]4[5,3]2[5,4]4[5,5]4[5,6]2[5,7]2[5,8]2[5,9]2[5,10]3[5,11]1[5,12]3[5,13]4[5,14]3[5,15]4[5,16]4[5,17]3[5,18]4[5,19]4[5,20]3[5,21]4[5,22]3[5,23]3[5,24]3
[6,0]3[6,1]1[6,2]1[6,3]1[6,4]1[6,5]4[6,6]1[6,7]1[6,8]1[6,9]1[6,10]3[6,11]4[6,12]2[6,13]2[6,14]1[6,15]1[6,16]1[6,17]2[6,18]4[6,19]4[6,20]4[6,21]2[6,22]1[6,23]2[6,24]1
[7,0]3[7,1]2[7,2]1[7,3]1[7,4]1[7,5]3[7,6]1[7,7]1[7,8]1[7,9]2[7,10]2[7,11]1[7,12]2[7,13]1[7,14]3[7,15]2[7,16]3[7,17]2[7,18]1[7,19]1[7,20]1[7,21]3[7,22]1[7,23]4[7,24]1
[8,0]2[8,1]4[8,2]2[8,3]1[8,4]1[8,5]2[8,6]1[8,7]1[8,8]2[8,9]2[8,10]1[8,11]4[8,12]1[8,13]4[8,14]2[8,15]1[8,16]4[8,17]3[8,18]4[8,19]4[8,20]1[8,21]1[8,22]3[8,23]1[8,24]4
[9,0]3[9,1]1[9,2]3[9,3]3[9,4]1[9,5]3[9,6]1[9,7]2[9,8]3[9,9]4[9,10]4[9,11]2[9,12]1[9,13]1[9,14]2[9,15]2[9,16]4[9,17]4[9,18]3[9,19]2[9,20]2[9,21]3[9,22]1[9,23]1[9,24]2
[10,0]2[10,1]1[10,2]4[10,3]1[10,4]3[10,5]2[10,6]4[10,7]4[10,8]4[10,9]1[10,10]1[10,11]4[10,12]3[10,13]2[10,14]3[10,15]4[10,16]1[10,17]3[10,18]3[10,19]1[10,20]1[10,21]2[10,22]1[10,23]4[10,24]4
[11,0]4[11,1]4[11,2]3[11,3]4[11,4]1[11,5]2[11,6]4[11,7]2[11,8]3[11,9]3[11,10]4[11,11]4[11,12]2[11,13]1[11,14]2[11,15]1[11,16]3[11,17]3[11,18]4[11,19]2[11,20]2[11,21]4[11,22]4[11,23]3[11,24]3
[12,0]4[12,1]2[12,2]3[12,3]4[12,4]2[12,5]2[12,6]4[12,7]3[12,8]2[12,9]3[12,10]2[12,11]4[12,12]3[12,13]3[12,14]2[12,15]3[12,16]4[12,17]1[12,18]2[12,19]2[12,20]3[12,21]3[12,22]3[12,23]2[12,24]2
[13,0]4[13,1]2[13,2]4[13,3]3[13,4]4[13,5]4[13,6]1[13,7]2[13,8]1[13,9]4[13,10]4[13,11]2[13,12]4[13,13]3[13,14]4[13,15]1[13,16]4[13,17]4[13,18]1[13,19]2[13,20]3[13,21]4[13,22]2[13,23]2[13,24]3
[14,0]2[14,1]1[14,2]3[14,3]4[14,4]3[14,5]2[14,6]2[14,7]1[14,8]2[14,9]4[14,10]1[14,11]3[14,12]2[14,13]3[14,14]2[14,15]4[14,16]2[14,17]2[14,18]3[14,19]1[14,20]4[14,21]1[14,22]3[14,23]2[14,24]3
