GameMode:Gravity
GameOver:false
MoveCount:10
GravityDirection:Right
Score:1091
BonusPoints:1120
BoardRow:3,3,4,1,1,4,1,3,4,1,4,2,3,1,2,3,4,4,4,3,4,2,3,2,2,
BoardLayout:
[0,0]0[0,1]0[0,2]3[0,3]1[0,4]1[0,5]4[0,6]1[0,7]4[0,8]2[0,9]2[0,10]1[0,11]4[0,12]4[0,13]4[0,14]2[0,15]1[0,16]1[0,17]4[0,18]3[0,19]4[0,20]2[0,21]1[0,22]3[0,23]2[0,24]2
[1,0]0[1,1]0[1,2]0[1,3]3[1,4]4[1,5]2[1,6]2[1,7]4[1,8]3[1,9]3[1,10]3[1,11]2[1,12]1[1,13]2[1,14]3[1,15]1[1,16]1[1,17]2[1,18]2[1,19]1[1,20]1[1,21]3[1,22]1[1,23]1[1,24]4
[2,0]0[2,1]0[2,2]0[2,3]0[2,4]0[2,5]1[2,6]2[2,7]1[2,8]1[2,9]1[2,10]1[2,11]1[2,12]4[2,13]1[2,14]1[2,15]4[2,16]3[2,17]2[2,18]1[2,19]4[2,20]2[2,21]1[2,22]2[2,23]2[2,24]1
[3,0]0[3,1]0[3,2]0[3,3]0[3,4]0[3,5]0[3,6]3[3,7]4[3,8]3[3,9]1[3,10]2[3,11]4[3,12]3[3,13]2[3,14]4[3,15]4[3,16]4[3,17]4[3,18]3[3,19]4[3,20]3[3,21]3[3,22]2[3,23]4[3,24]3
[4,0]0[4,1]0[4,2]0[4,3]0[4,4]0[4,5]0[4,6]4[4,7]2[4,8]1[4,9]4[4,10]3[4,11]4[4,12]4[4,13]3[4,14]4[4,15]1[4,16]2[4,17]2[4,18]2[4,19]3[4,20]1[4,21]4[4,22]4[4,23]2[4,24]2
[5,0]0[5,1]0[5,2]0[5,3]0[5,4]0[5,5]0[5,6]0[5,7]0[5,8]0[5,9]0[5,10]3[5,11]4[5,12]1[5,13]3[5,14]2[5,15]3[5,16]1[5,17]1[5,18]4[5,19]1[5,20]2[5,21]4[5,22]4[5,23]4[5,24]4
[6,0]0[6,1]0[6,2]0[6,3]0[6,4]0[6,5]0[6,6]0[6,7]0[6,8]0[6,9]0[6,10]3[6,11]3[6,12]1[6,13]2[6,14]1[6,15]3[6,16]1[6,17]1[6,18]4[6,19]3[6,20]2[6,21]1[6,22]2[6,23]4[6,24]2
[7,0]0[7,1]0[7,2]0[7,3]0[7,4]0[7,5]0[7,6]0[7,7]0[7,8]0[7,9]0[7,10]0[7,11]2[7,12]2[7,13]2[7,14]2[7,15]2[7,16]2[7,17]2[7,18]3[7,19]1[7,20]3[7,21]3[7,22]3[7,23]2[7,24]2
[8,0]0[8,1]0[8,2]0[8,3]0[8,4]0[8,5]0[8,6]0[8,7]0[8,8]0[8,9]0[8,10]0[8,11]0[8,12]4[8,13]4[8,14]2[8,15]3[8,16]3[8,17]4[8,18]1[8,19]1[8,20]3[8,21]3[8,22]4[8,23]2[8,24]4
[9,0]0[9,1]0[9,2]0[9,3]0[9,4]0[9,5]0[9,6]0[9,7]0[9,8]0[9,9]0[9,10]0[9,11]0[9,12]0[9,13]0[9,14]3[9,15]2[9,16]1[9,17]1[9,18]3[9,19]3[9,20]3[9,21]1[9,22]2[9,23]2[9,24]4
[10,0]0[10,1]0[10,2]0[10,3]0[10,4]0[10,5]0[10,6]0[10,7]0[10,8]0[10,9]0[10,10]0[10,11]0[10,12]0[10,13]0[10,14]0[10,15]0[10,16]3[10,17]3[10,18]3[10,19]1[10,20]4[10,21]1[10,22]3[10,23]4[10,24]2
[11,0]0[11,1]0[11,2]0[11,3]0[11,4]0[11,5]0[11,6]0[11,7]0[11,8]0[11,9]0[11,10]0[11,11]0[11,12]0[11,13]0[11,14]0[11,15]0[11,16]0[11,17]2[11,18]2[11,19]4[11,20]4[11,21]1[11,22]4[11,23]4[11,24]1
[12,0]0[12,1]0[12,2]0[12,3]0[12,4]0[12,5]0[12,6]0[12,7]0[12,8]0[12,9]0[12,10]0[12,11]0[12,12]0[12,13]0[12,14]0[12,15]0[12,16]0[12,17]0[12,18]2[12,19]3[12,20]2[12,21]2[12,22]4[12,23]4[12,24]4
[13,0]0[13,1]0[13,2]0[13,3]0[13,4]0[13,5]0[13,6]0[13,7]0[13,8]0[13,9]0[13,10]0[13,11]0[13,12]0[13,13]0[13,14]0[13,15]0[13,16]0[13,17]0[13,18]0[13,19]2[13,20]4[13,21]4[13,22]3[13,23]2[13,24]1
[14,0]0[14,1]0[14,2]0[14,3]0[14,4]0[14,5]0[14,6]0[14,7]0[14,8]0[14,9]0[14,10]0[14,11]0[14,12]0[14,13]0[14,14]0[14,15]0[14,16]0[14,17]0[14,18]0[14,19]3[14,20]2[14,21]1[14,22]1[14,23]2[14,24]2
