Undo List:
3,1,2,2,4,3,4,1,3,1,4,1,1,3,1,3,1,1,3,2,2,2,4,1,4,2,4,3,4,2,3,3,1,4,2,4,2,3,1,3,3,4,2,3,2,3,4,2,4,3,2,2,2,3,2,2,2,4,3,4,3,4,2,3,4,2,1,1,2,3,3,4,1,1,2,2,1,4,2,2,4,4,4,3,3,3,1,2,4,1,4,3,1,3,3,1,1,4,3,2,2,1,3,3,2,3,2,4,1,4,4,3,1,4,4,2,1,4,2,4,1,4,1,3,1,1,1,2,3,4,3,3,1,4,3,4,4,4,4,2,3,2,3,3,4,4,3,2,4,4,2,4,1,1,2,2,2,3,4,2,1,3,2,1,2,1,3,4,2,1,3,4,2,4,2,3,3,1,3,2,3,1,1,4,1,4,1,2,2,3,2,2,1,4,3,2,2,3,1,1,3,3,1,3,2,4,2,3,1,3,1,2,3,2,3,4,1,1,4,3,3,4,2,1,1,1,1,1,4,3,1,4,1,2,1,4,4,1,2,4,3,2,1,3,3,2,1,3,1,2,1,1,1,3,2,4,3,1,4,1,4,3,1,2,2,1,2,2,2,4,4,1,3,4,2,4,1,1,1,3,4,2,1,3,4,3,2,1,3,1,3,2,4,4,3,3,2,1,1,3,4,2,3,2,1,4,3,4,3,4,3,2,1,4,3,3,1,2,4,1,2,1,2,2,1,1,3,3,3,3,3,3,2,1,4,3,3,3,1,3,2,4,4,3,2,4,3,1,3,2,4,2,3,3,2,4,3,2,4,1,2,3,4,2,4,2,2,4,4,2,2,1,1,4,2,
0
1107
3,1,2,2,4,3,4,1,3,0,0,0,0,0,0,3,1,1,3,2,2,2,4,1,4,2,4,3,4,2,3,3,1,4,1,0,1,1,0,1,3,4,2,3,2,3,4,2,4,3,2,2,2,3,2,2,2,4,3,2,4,2,3,0,3,2,1,1,2,3,3,4,1,1,2,2,1,4,2,2,4,4,4,3,4,4,4,2,3,4,4,3,1,3,3,1,1,4,3,2,2,1,3,3,2,3,2,4,1,3,3,1,2,1,1,2,1,4,2,4,1,4,1,3,1,1,1,2,3,4,3,3,1,4,3,3,3,1,3,2,3,2,3,3,4,4,3,2,4,4,2,4,1,1,2,2,2,3,4,2,1,3,2,1,2,1,3,4,2,1,3,4,2,4,2,3,3,1,3,2,3,1,1,4,1,4,1,2,2,3,2,2,1,4,3,2,2,3,1,1,3,3,1,3,2,4,2,3,1,3,1,2,3,2,3,4,1,1,4,3,3,4,2,1,1,1,1,1,4,3,1,4,1,2,1,4,4,1,2,4,3,2,1,3,3,2,1,3,1,2,1,1,1,3,2,4,3,1,4,1,4,3,1,2,2,1,2,2,2,4,4,1,3,4,2,4,1,1,1,3,4,2,1,3,4,3,2,1,3,1,3,2,4,4,3,3,2,1,1,3,4,2,3,2,1,4,3,4,3,4,3,2,1,4,3,3,1,2,4,1,2,1,2,2,1,1,3,3,3,3,3,3,2,1,4,3,3,3,1,3,2,4,4,3,2,4,3,1,3,2,4,2,3,3,2,4,3,2,4,1,2,3,4,2,4,2,2,4,4,2,2,1,1,4,2,
66
1107
3,1,2,2,4,3,4,1,3,0,0,0,0,0,0,3,1,1,3,2,2,2,4,1,4,2,4,3,4,2,3,3,1,4,0,0,0,1,0,1,3,4,2,3,2,3,4,2,4,3,2,2,2,3,2,2,2,4,3,0,0,0,3,0,3,2,1,1,2,3,3,4,1,1,2,2,1,4,2,2,4,4,4,3,1,0,1,2,3,4,4,3,1,3,3,1,1,4,3,2,2,1,3,3,2,3,2,4,1,2,4,2,2,1,1,2,1,4,2,4,1,4,1,3,1,1,1,2,3,4,3,3,1,4,4,4,4,1,3,2,3,2,3,3,4,4,3,2,4,4,2,4,1,1,2,2,2,3,4,2,1,1,2,1,2,1,3,4,2,1,3,4,2,4,2,3,3,1,3,2,3,1,1,4,1,4,1,2,2,3,2,2,1,4,3,2,2,3,1,1,3,3,1,3,2,4,2,3,1,3,1,2,3,2,3,4,1,1,4,3,3,4,2,1,1,1,1,1,4,3,1,4,1,2,1,4,4,1,2,4,3,2,1,3,3,2,1,3,1,2,1,1,1,3,2,4,3,1,4,1,4,3,1,2,2,1,2,2,2,4,4,1,3,4,2,4,1,1,1,3,4,2,1,3,4,3,2,1,3,1,3,2,4,4,3,3,2,1,1,3,4,2,3,2,1,4,3,4,3,4,3,2,1,4,3,3,1,2,4,1,2,1,2,2,1,1,3,3,3,3,3,3,2,1,4,3,3,3,1,3,2,4,4,3,2,4,3,1,3,2,4,2,3,3,2,4,3,2,4,1,2,3,4,2,4,2,2,4,4,2,2,1,1,4,2,
96
1107
3,1,2,2,4,3,4,1,0,0,0,0,0,0,0,3,1,1,3,2,2,2,4,1,4,2,4,3,4,2,3,3,1,0,0,0,0,1,0,1,3,4,2,3,2,3,4,2,4,3,2,2,2,3,2,2,2,4,0,0,0,0,3,0,3,2,1,1,2,3,3,4,1,1,2,2,1,4,2,2,4,4,4,3,0,0,0,2,3,4,4,3,1,3,3,1,1,4,3,2,2,1,3,3,2,3,2,4,4,1,0,1,2,1,1,2,1,4,2,4,1,4,1,3,1,1,1,2,3,4,3,3,1,3,2,0,2,1,3,2,3,2,3,3,4,4,3,2,4,4,2,4,1,1,2,2,2,3,3,2,1,1,2,1,2,1,3,4,2,1,3,4,2,4,2,3,3,1,3,2,3,1,1,1,1,4,1,2,2,3,2,2,1,4,3,2,2,3,1,1,3,3,1,3,2,4,2,3,1,3,1,2,3,2,3,4,1,1,4,3,3,4,2,1,1,1,1,1,4,3,1,4,1,2,1,4,4,1,2,4,3,2,1,3,3,2,1,3,1,2,1,1,1,3,2,4,3,1,4,1,4,3,1,2,2,1,2,2,2,4,4,1,3,4,2,4,1,1,1,3,4,2,1,3,4,3,2,1,3,1,3,2,4,4,3,3,2,1,1,3,4,2,3,2,1,4,3,4,3,4,3,2,1,4,3,3,1,2,4,1,2,1,2,2,1,1,3,3,3,3,3,3,2,1,4,3,3,3,1,3,2,4,4,3,2,4,3,1,3,2,4,2,3,3,2,4,3,2,4,1,2,3,4,2,4,2,2,4,4,2,2,1,1,4,2,
137
1107
3,1,2,2,4,3,4,1,0,0,0,0,0,0,0,3,1,1,3,2,2,2,4,1,4,2,4,3,4,2,3,3,1,0,0,0,0,1,0,1,3,4,2,3,2,3,4,2,4,3,2,2,2,3,2,2,2,4,0,0,0,0,3,0,3,2,1,1,2,3,3,4,1,1,2,2,1,4,2,2,4,4,4,3,0,0,0,2,3,4,4,3,1,3,3,1,1,4,3,2,2,1,3,3,2,3,2,4,4,1,0,0,2,1,1,2,1,4,2,4,1,4,1,3,1,1,1,2,3,4,3,3,1,3,2,0,0,1,3,2,3,2,3,3,4,4,3,2,4,4,2,4,1,1,2,2,2,3,3,2,0,1,2,1,2,1,3,4,2,1,3,4,2,4,2,3,3,1,3,2,3,1,1,1,1,4,2,2,2,3,2,2,1,4,3,2,2,3,1,1,3,3,1,3,2,4,2,3,1,3,1,2,3,2,3,4,1,1,4,3,3,4,2,1,1,1,1,1,4,3,1,4,1,2,1,4,4,1,2,4,3,2,1,3,3,2,1,3,1,2,1,1,1,3,2,4,3,1,4,1,4,3,1,2,2,1,2,2,2,4,4,1,3,4,2,4,1,1,1,3,4,2,1,3,4,3,2,1,3,1,3,2,4,4,3,3,2,1,1,3,4,2,3,2,1,4,3,4,3,4,3,2,1,4,3,3,1,2,4,1,2,1,2,2,1,1,3,3,3,3,3,3,2,1,4,3,3,3,1,3,2,4,4,3,2,4,3,1,3,2,4,2,3,3,2,4,3,2,4,1,2,3,4,2,4,2,2,4,4,2,2,1,1,4,2,
145
1107
3,1,2,2,4,3,0,0,0,0,0,0,0,0,0,3,1,1,3,2,2,2,4,1,4,2,4,3,4,2,3,4,1,0,0,0,0,1,0,1,3,4,2,3,2,3,4,2,4,3,2,2,2,3,2,2,3,1,0,0,0,0,3,0,3,2,1,1,2,3,3,4,1,1,2,2,1,4,2,2,4,2,4,0,0,0,0,2,3,4,4,3,1,3,3,1,1,4,3,2,2,1,3,3,2,3,4,4,0,0,0,0,2,1,1,2,1,4,2,4,1,4,1,3,1,1,1,2,3,4,3,2,4,3,1,0,0,1,3,2,3,2,3,3,4,4,3,2,4,4,2,4,1,1,2,2,3,1,4,2,0,1,2,1,2,1,3,4,2,1,3,4,2,4,2,3,3,1,3,2,3,2,3,3,2,4,2,2,2,3,2,2,1,4,3,2,2,3,1,1,3,3,1,3,2,4,2,3,3,3,1,2,3,2,3,4,1,1,4,3,3,4,2,1,1,1,1,1,4,3,1,4,1,2,1,4,4,1,2,4,3,2,1,3,3,2,1,3,1,2,1,1,1,3,2,4,3,1,4,1,4,3,1,2,2,1,2,2,2,4,4,1,3,4,2,4,1,1,1,3,4,2,1,3,4,3,2,1,3,1,3,2,4,4,3,3,2,1,1,3,4,2,3,2,1,4,3,4,3,4,3,2,1,4,3,3,1,2,4,1,2,1,2,2,1,1,3,3,3,3,3,3,2,1,4,3,3,3,1,3,2,4,4,3,2,4,3,1,3,2,4,2,3,3,2,4,3,2,4,1,2,3,4,2,4,2,2,4,4,2,2,1,1,4,2,
166
1107
3,1,2,2,4,3,0,0,0,0,0,0,0,0,0,3,1,1,3,2,2,2,4,1,4,2,4,3,4,2,3,4,0,0,0,0,0,1,0,1,3,4,2,3,2,3,4,2,4,3,2,2,2,3,2,2,3,0,0,0,0,0,3,0,3,2,1,1,2,3,3,4,1,1,2,2,1,4,2,2,4,2,1,0,0,0,0,2,3,4,4,3,1,3,3,1,1,4,3,2,2,1,3,3,2,3,4,1,0,0,0,0,2,1,1,2,1,4,2,4,1,4,1,3,1,1,1,2,3,4,3,2,4,0,0,0,0,1,3,2,3,2,3,3,4,4,3,2,4,4,2,4,1,1,2,2,3,4,0,1,0,1,2,1,2,1,3,4,2,1,3,4,2,4,2,3,3,1,3,2,3,2,4,3,2,4,2,2,2,3,2,2,1,4,3,2,2,3,1,1,3,3,1,3,2,4,2,1,4,2,1,2,3,2,3,4,1,1,4,3,3,4,2,1,1,1,1,1,4,3,1,4,1,2,1,4,4,1,2,4,3,2,1,3,3,2,1,3,1,2,1,1,1,3,2,4,3,1,4,1,4,3,1,2,2,1,2,2,2,4,4,1,3,4,2,4,1,1,1,3,4,2,1,3,4,3,2,1,3,1,3,2,4,4,3,3,2,1,1,3,4,2,3,2,1,4,3,4,3,4,3,2,1,4,3,3,1,2,4,1,2,1,2,2,1,1,3,3,3,3,3,3,2,1,4,3,3,3,1,3,2,4,4,3,2,4,3,1,3,2,4,2,3,3,2,4,3,2,4,1,2,3,4,2,4,2,2,4,4,2,2,1,1,4,2,
187
1107
3,1,2,2,4,3,0,0,0,0,0,0,0,0,0,3,1,1,3,2,2,2,4,1,4,2,4,3,4,2,3,4,0,0,0,0,0,1,0,1,3,4,2,3,2,3,4,2,4,3,2,2,2,3,2,2,3,0,0,0,0,0,3,0,3,2,1,1,2,3,3,4,1,1,2,2,1,4,2,2,4,2,0,0,0,0,0,2,3,4,4,3,1,3,3,1,1,4,3,2,2,1,3,3,2,3,4,0,0,0,0,0,2,1,1,2,1,4,2,4,1,4,1,3,1,1,1,2,3,4,3,2,0,0,0,0,0,1,3,2,3,2,3,3,4,4,3,2,4,4,2,4,1,1,2,2,3,0,0,1,0,1,2,1,2,1,3,4,2,1,3,4,2,4,2,3,3,1,3,2,3,2,1,3,2,4,2,2,2,3,2,2,1,4,3,2,2,3,1,1,3,3,1,3,2,4,2,1,4,2,1,2,3,2,3,4,1,1,4,3,3,4,2,1,1,1,1,1,4,3,1,4,4,2,1,4,4,1,2,4,3,2,1,3,3,2,1,3,1,2,1,1,1,3,2,4,3,4,4,1,4,3,1,2,2,1,2,2,2,4,4,1,3,4,2,4,1,1,1,3,4,2,4,3,4,3,2,1,3,1,3,2,4,4,3,3,2,1,1,3,4,2,3,2,1,4,3,4,3,4,3,2,1,4,3,3,1,2,4,1,2,1,2,2,1,1,3,3,3,3,3,3,2,1,4,3,3,3,1,3,2,4,4,3,2,4,3,1,3,2,4,2,3,3,2,4,3,2,4,1,2,3,4,2,4,2,2,4,4,2,2,1,1,4,2,
215
1109
3,1,2,2,4,3,0,0,0,0,0,0,0,0,0,3,1,1,3,2,2,2,4,1,4,2,4,3,4,2,3,0,0,0,0,0,0,1,0,1,3,4,2,3,2,3,4,2,4,3,2,2,2,3,2,2,4,0,0,0,0,0,3,0,3,2,1,1,2,3,3,4,1,1,2,2,1,4,2,2,4,3,0,0,0,0,0,2,3,4,4,3,1,3,3,1,1,4,3,2,2,1,3,3,2,3,2,0,0,0,0,0,2,1,1,2,1,4,2,4,1,4,1,3,1,1,1,2,3,4,3,4,0,0,0,0,0,1,3,2,3,2,3,3,4,4,3,2,4,4,2,4,1,1,2,2,2,0,0,1,0,1,2,1,2,1,3,4,2,1,3,4,2,4,2,3,3,1,3,2,3,3,0,0,2,4,2,2,2,3,2,2,1,4,3,2,2,3,1,1,3,3,1,3,2,4,2,0,3,2,1,2,3,2,3,4,1,1,4,3,3,4,2,1,1,1,1,1,4,3,1,2,0,4,1,4,4,1,2,4,3,2,1,3,3,2,1,3,1,2,1,1,1,3,2,4,3,0,2,1,4,3,1,2,2,1,2,2,2,4,4,1,3,4,2,4,1,1,1,3,4,2,1,3,4,3,2,1,3,1,3,2,4,4,3,3,2,1,1,3,4,2,3,2,1,4,3,1,3,4,3,2,1,4,3,3,1,2,4,1,2,1,2,2,1,1,3,3,3,3,3,3,2,1,4,3,3,3,1,3,2,4,4,3,2,4,3,1,3,2,4,2,3,3,2,4,3,2,4,1,2,3,4,2,4,2,2,4,4,2,2,1,1,4,2,
245
1109
3,1,2,2,4,3,0,0,0,0,0,0,0,0,0,3,1,1,3,2,2,2,4,1,4,2,4,3,4,2,3,0,0,0,0,0,0,1,0,1,3,4,2,3,2,3,4,2,4,3,2,2,2,3,2,2,4,0,0,0,0,0,3,0,3,2,1,1,2,3,3,4,1,1,2,2,1,4,2,2,4,3,0,0,0,0,0,2,3,4,4,3,1,3,3,1,1,4,3,2,2,1,3,3,2,3,2,0,0,0,0,0,2,1,1,2,1,4,2,4,1,4,1,3,1,1,1,2,3,4,3,4,0,0,0,0,0,1,3,2,3,2,3,3,4,4,3,2,4,4,2,4,1,1,2,2,2,0,0,1,0,1,2,1,2,1,3,4,2,1,3,4,2,4,2,3,3,1,3,2,3,3,0,0,2,4,2,2,2,3,2,2,1,4,3,2,2,3,1,1,3,3,1,3,2,4,2,0,0,2,1,2,3,2,3,4,1,1,4,3,3,4,2,1,1,1,1,1,4,3,1,2,0,0,1,4,4,1,2,4,3,2,1,3,3,2,1,3,1,2,1,1,1,3,2,4,3,0,3,1,4,3,1,2,2,1,2,2,2,4,4,1,3,4,2,4,1,1,1,3,4,2,1,4,4,3,2,1,3,1,3,2,4,4,3,3,2,1,1,3,4,2,3,2,1,4,3,1,2,4,3,2,1,4,3,3,1,2,4,1,2,1,2,2,1,1,3,3,3,3,3,3,2,1,4,3,3,3,1,3,2,4,4,3,2,4,3,1,3,2,4,2,3,3,2,4,3,2,4,1,2,3,4,2,4,2,2,4,4,2,2,1,1,4,2,
249
1109
3,1,2,2,4,3,0,0,0,0,0,0,0,0,0,3,1,1,3,2,2,2,4,1,4,2,4,3,4,2,3,0,0,0,0,0,0,1,0,1,3,4,2,3,2,3,4,2,4,3,2,2,2,3,2,2,4,0,0,0,0,0,3,0,3,2,1,1,2,3,3,4,1,1,2,2,1,4,2,2,4,3,0,0,0,0,0,2,3,4,4,3,1,3,3,1,1,4,3,2,2,1,3,3,2,3,2,0,0,0,0,0,2,1,1,2,1,4,2,4,1,4,1,3,1,1,1,2,3,4,3,4,0,0,0,0,0,1,3,2,3,2,3,3,4,4,3,2,4,4,2,4,1,1,2,2,2,0,0,1,0,1,2,1,2,1,3,4,2,1,3,4,2,4,2,3,3,1,3,2,3,3,0,0,2,4,2,2,2,3,2,2,1,4,3,2,2,3,1,1,3,3,1,3,2,4,2,0,0,2,1,2,3,2,3,4,1,1,4,3,3,4,2,1,1,1,1,1,4,3,1,2,0,0,1,4,4,1,2,4,3,2,1,3,3,2,1,3,1,2,1,1,1,3,2,4,3,0,3,1,4,3,1,2,2,1,2,2,2,4,4,1,3,4,2,4,1,1,1,3,4,2,0,4,4,3,2,1,3,1,3,2,4,4,3,3,2,1,1,3,4,2,3,2,1,4,3,0,2,4,3,2,1,4,3,3,1,2,4,1,2,1,2,2,1,1,3,3,3,3,3,3,2,1,4,3,3,3,1,3,2,4,4,3,2,4,3,1,3,2,4,2,3,3,2,4,3,2,4,1,2,3,4,2,4,2,2,4,4,2,2,1,1,4,2,
253
1109
3,1,2,2,4,3,0,0,0,0,0,0,0,0,0,3,1,1,3,2,2,2,4,1,4,2,4,3,4,2,3,0,0,0,0,0,0,0,0,1,3,4,2,3,2,3,4,2,4,3,2,2,2,3,2,2,4,0,0,0,0,0,1,0,3,2,1,1,2,3,3,4,1,1,2,2,1,4,2,2,4,3,0,0,0,0,0,3,3,4,4,3,1,3,3,1,1,4,3,2,2,1,3,3,2,3,2,0,0,0,0,0,2,1,1,2,1,4,2,4,1,4,1,3,1,1,1,2,3,4,3,4,0,0,0,0,0,2,3,2,3,2,3,3,4,4,3,2,4,4,2,4,1,1,2,2,2,0,0,1,0,0,1,1,2,1,3,4,2,1,3,4,2,4,2,3,3,1,3,2,3,3,0,0,2,0,0,2,2,3,2,2,1,4,3,2,2,3,1,1,3,3,1,3,2,4,2,0,0,2,0,1,2,2,3,4,1,1,4,3,3,4,2,1,1,1,1,1,4,3,1,2,0,0,1,0,2,3,2,4,3,2,1,3,3,2,1,3,1,2,1,1,1,3,2,4,3,0,3,1,4,2,1,2,2,1,2,2,2,4,4,1,3,4,2,4,1,1,1,3,4,2,0,4,4,1,4,1,3,1,3,2,4,4,3,3,2,1,1,3,4,2,3,2,1,4,3,0,2,4,4,3,1,4,3,3,1,2,4,1,2,1,2,2,1,1,3,3,3,3,3,3,2,1,4,4,2,1,1,3,2,4,4,3,2,4,3,1,3,2,4,2,3,3,2,4,3,2,4,1,2,2,4,2,4,2,2,4,4,2,2,1,1,4,2,
283
1109
3,1,2,2,4,3,0,0,0,0,0,0,0,0,0,3,1,1,3,2,2,2,4,1,4,2,4,3,4,2,3,0,0,0,0,0,0,0,0,1,3,4,2,3,2,3,4,2,4,3,2,2,2,3,2,2,4,0,0,0,0,0,0,0,3,2,1,1,2,3,3,4,1,1,2,2,1,4,2,2,4,3,0,0,0,0,0,0,0,4,4,3,1,3,3,1,1,4,3,2,2,1,3,3,2,3,2,0,0,0,0,0,0,3,1,2,1,4,2,4,1,4,1,3,1,1,1,2,3,4,3,4,0,0,0,0,0,0,1,2,3,2,3,3,4,4,3,2,4,4,2,4,1,1,2,2,2,0,0,1,0,0,1,3,2,1,3,4,2,1,3,4,2,4,2,3,3,1,3,2,3,3,0,0,2,0,0,3,1,3,2,2,1,4,3,2,2,3,1,1,3,3,1,3,2,4,2,0,0,2,0,1,2,2,3,4,1,1,4,3,3,4,2,1,1,1,1,1,4,3,1,2,0,0,1,0,2,2,2,4,3,2,1,3,3,2,1,3,1,2,1,1,1,3,2,4,3,0,3,1,4,2,1,2,2,1,2,2,2,4,4,1,3,4,2,4,1,1,1,3,4,2,0,4,4,1,4,2,2,1,3,2,4,4,3,3,2,1,1,3,4,2,3,2,1,4,3,0,2,4,4,3,2,3,3,3,1,2,4,1,2,1,2,2,1,1,3,3,3,3,3,3,2,1,4,4,2,3,4,3,2,4,4,3,2,4,3,1,3,2,4,2,3,3,2,4,3,2,4,1,2,2,4,2,4,2,2,4,4,2,2,1,1,4,2,
304
1109
3,1,2,2,4,3,0,0,0,0,0,0,0,0,0,3,1,1,3,2,2,2,4,1,4,2,4,3,4,2,3,0,0,0,0,0,0,0,0,0,3,4,2,3,2,3,4,2,4,3,2,2,2,3,2,2,4,0,0,0,0,0,0,0,1,2,1,1,2,3,3,4,1,1,2,2,1,4,2,2,4,3,0,0,0,0,0,0,0,3,4,3,1,3,3,1,1,4,3,2,2,1,3,3,2,3,2,0,0,0,0,0,0,0,4,2,1,4,2,4,1,4,1,3,1,1,1,2,3,4,3,4,0,0,0,0,0,0,0,1,3,2,3,3,4,4,3,2,4,4,2,4,1,1,2,2,2,0,0,1,0,0,0,0,2,1,3,4,2,1,3,4,2,4,2,3,3,1,3,2,3,3,0,0,2,0,0,0,0,2,2,2,1,4,3,2,2,3,1,1,3,3,1,3,2,4,2,0,0,2,0,0,0,3,3,4,1,1,4,3,3,4,2,1,1,1,1,1,4,3,1,2,0,0,1,0,0,0,1,3,3,2,1,3,3,2,1,3,1,2,1,1,1,3,2,4,3,0,3,1,4,1,1,3,4,1,2,2,2,4,4,1,3,4,2,4,1,1,1,3,4,2,0,4,4,1,4,3,1,1,3,2,4,4,3,3,2,1,1,3,4,2,3,2,1,4,3,0,2,4,4,3,1,3,3,3,1,2,4,1,2,1,2,2,1,1,3,3,3,3,3,3,2,1,4,4,2,3,4,3,2,4,4,3,2,4,3,1,3,2,4,2,3,3,2,4,3,2,4,1,2,2,4,2,4,2,2,4,4,2,2,1,1,4,2,
402
1109
3,1,2,2,4,3,0,0,0,0,0,0,0,0,0,3,1,1,3,2,2,0,4,1,4,2,4,3,4,2,3,0,0,0,0,0,0,0,0,0,3,4,2,3,2,3,0,2,4,3,2,2,2,3,2,2,4,0,0,0,0,0,0,0,1,2,1,1,2,3,3,2,1,1,2,2,1,4,2,2,4,3,0,0,0,0,0,0,0,3,4,3,1,3,3,1,4,4,3,2,2,1,3,3,2,3,2,0,0,0,0,0,0,0,4,2,1,4,2,4,1,4,1,3,1,1,1,2,3,4,3,4,0,0,0,0,0,0,0,1,3,2,3,3,4,4,1,2,4,4,2,4,1,1,2,2,2,0,0,1,0,0,0,0,2,1,3,4,2,1,3,4,2,4,2,3,3,1,3,2,3,3,0,0,2,0,0,0,0,2,2,2,1,4,3,2,3,3,1,1,3,3,1,3,2,4,2,0,0,2,0,0,0,3,3,4,1,1,4,3,3,4,2,1,1,1,1,1,4,3,1,2,0,0,1,0,0,0,1,3,3,2,1,3,3,2,2,3,1,2,1,1,1,3,2,4,3,0,3,1,4,1,1,3,4,1,2,2,2,4,4,4,3,4,2,4,1,1,1,3,4,2,0,4,4,1,4,3,1,1,3,2,4,4,3,3,2,1,1,3,4,2,3,2,1,4,3,0,2,4,4,3,1,3,3,3,1,2,4,1,2,1,2,2,1,1,3,3,3,3,3,3,2,1,4,4,2,3,4,3,2,4,4,3,2,4,3,1,3,2,4,2,3,3,2,4,3,2,4,1,2,2,4,2,4,2,2,4,4,2,2,1,1,4,2,
406
1109
3,1,2,2,4,3,0,0,0,0,0,0,0,0,0,3,1,1,3,2,0,0,4,1,4,2,4,3,4,2,3,0,0,0,0,0,0,0,0,0,3,4,2,3,2,2,0,2,4,3,2,2,2,3,2,2,4,0,0,0,0,0,0,0,1,2,1,1,2,3,3,0,1,1,2,2,1,4,2,2,4,3,0,0,0,0,0,0,0,3,4,3,1,3,3,3,2,4,3,2,2,1,3,3,2,3,2,0,0,0,0,0,0,0,4,2,1,4,2,4,1,4,1,3,1,1,1,2,3,4,3,4,0,0,0,0,0,0,0,1,3,2,3,3,4,1,4,2,4,4,2,4,1,1,2,2,2,0,0,1,0,0,0,0,2,1,3,4,2,1,4,1,2,4,2,3,3,1,3,2,3,3,0,0,2,0,0,0,0,2,2,2,1,4,3,3,4,3,1,1,3,3,1,3,2,4,2,0,0,2,0,0,0,3,3,4,1,1,4,3,2,3,2,1,1,1,1,1,4,3,1,2,0,0,1,0,0,0,1,3,3,2,1,3,3,3,4,3,1,2,1,1,1,3,2,4,3,0,3,1,4,1,1,3,4,1,2,2,2,4,4,4,3,4,2,4,1,1,1,3,4,2,0,4,4,1,4,3,1,1,3,2,4,4,3,3,2,1,1,3,4,2,3,2,1,4,3,0,2,4,4,3,1,3,3,3,1,2,4,1,2,1,2,2,1,1,3,3,3,3,3,3,2,1,4,4,2,3,4,3,2,4,4,3,2,4,3,1,3,2,4,2,3,3,2,4,3,2,4,1,2,2,4,2,4,2,2,4,4,2,2,1,1,4,2,
410
1109
3,1,2,2,4,3,0,0,0,0,0,0,0,0,0,3,1,1,0,0,0,0,4,1,4,2,4,3,4,2,3,0,0,0,0,0,0,0,0,0,3,4,2,3,0,0,0,2,4,3,2,2,2,3,2,2,4,0,0,0,0,0,0,0,1,2,1,1,3,0,0,0,1,1,2,2,1,4,2,2,4,3,0,0,0,0,0,0,0,3,4,3,1,2,2,2,2,4,3,2,2,1,3,3,2,3,2,0,0,0,0,0,0,0,4,2,1,4,3,2,3,4,1,3,1,1,1,2,3,4,3,4,0,0,0,0,0,0,0,1,3,2,3,2,3,3,4,2,4,4,2,4,1,1,2,2,2,0,0,1,0,0,0,0,2,1,3,4,3,3,1,1,2,4,2,3,3,1,3,2,3,3,0,0,2,0,0,0,0,2,2,2,1,2,4,1,4,3,1,1,3,3,1,3,2,4,2,0,0,2,0,0,0,3,3,4,1,1,4,4,4,3,2,1,1,1,1,1,4,3,1,2,0,0,1,0,0,0,1,3,3,2,1,4,1,2,4,3,1,2,1,1,1,3,2,4,3,0,3,1,4,1,1,3,4,1,2,2,2,4,4,4,3,4,2,4,1,1,1,3,4,2,0,4,4,1,4,3,1,1,3,2,4,4,3,3,2,1,1,3,4,2,3,2,1,4,3,0,2,4,4,3,1,3,3,3,1,2,4,1,2,1,2,2,1,1,3,3,3,3,3,3,2,1,4,4,2,3,4,3,2,4,4,3,2,4,3,1,3,2,4,2,3,3,2,4,3,2,4,1,2,2,4,2,4,2,2,4,4,2,2,1,1,4,2,
440
1109
3,1,2,2,4,3,0,0,0,0,0,0,0,0,0,3,1,1,0,0,0,0,4,1,4,2,4,3,4,2,3,0,0,0,0,0,0,0,0,0,3,4,2,0,0,0,0,2,4,3,2,2,2,3,2,2,4,0,0,0,0,0,0,0,1,2,1,1,3,0,0,0,1,1,2,2,1,4,2,2,4,3,0,0,0,0,0,0,0,3,4,3,1,3,0,0,2,4,3,2,2,1,3,3,2,3,2,0,0,0,0,0,0,0,4,2,1,4,2,0,0,4,1,3,1,1,1,2,3,4,3,4,0,0,0,0,0,0,0,1,3,2,3,3,2,2,4,2,4,4,2,4,1,1,2,2,2,0,0,1,0,0,0,0,2,1,3,4,2,2,1,1,2,4,2,3,3,1,3,2,3,3,0,0,2,0,0,0,0,2,2,2,1,2,4,1,4,3,1,1,3,3,1,3,2,4,2,0,0,2,0,0,0,3,3,4,1,1,4,4,4,3,2,1,1,1,1,1,4,3,1,2,0,0,1,0,0,0,1,3,3,2,1,4,1,2,4,3,1,2,1,1,1,3,2,4,3,0,3,1,4,1,1,3,4,1,2,2,2,4,4,4,3,4,2,4,1,1,1,3,4,2,0,4,4,1,4,3,1,1,3,2,4,4,3,3,2,1,1,3,4,2,3,2,1,4,3,0,2,4,4,3,1,3,3,3,1,2,4,1,2,1,2,2,1,1,3,3,3,3,3,3,2,1,4,4,2,3,4,3,2,4,4,3,2,4,3,1,3,2,4,2,3,3,2,4,3,2,4,1,2,2,4,2,4,2,2,4,4,2,2,1,1,4,2,
503
1112
3,1,2,2,4,3,0,0,0,0,0,0,0,0,0,3,1,1,0,0,0,0,4,1,4,2,4,3,4,2,3,0,0,0,0,0,0,0,0,0,3,4,2,0,0,0,0,2,4,3,2,2,2,3,2,2,4,0,0,0,0,0,0,0,1,2,1,1,0,0,0,0,1,1,2,2,1,4,2,2,4,3,0,0,0,0,0,0,0,3,4,3,1,0,0,0,2,4,3,2,2,1,3,3,2,3,2,0,0,0,0,0,0,0,4,2,1,4,3,0,0,4,1,3,1,1,1,2,3,4,3,4,0,0,0,0,0,0,0,1,3,2,3,3,0,0,4,2,4,4,2,4,1,1,2,2,2,0,0,1,0,0,0,0,2,1,3,4,2,0,1,1,2,4,2,3,3,1,3,2,3,3,0,0,2,0,0,0,0,2,2,2,1,3,4,1,4,3,1,1,3,3,1,3,2,4,2,0,0,2,0,0,0,3,3,4,1,1,4,4,4,3,2,1,1,1,1,1,4,3,1,2,0,0,1,0,0,0,1,3,3,2,1,4,1,2,4,3,1,2,1,1,1,3,2,4,3,0,3,1,4,1,1,3,4,1,2,2,2,4,4,4,3,4,2,4,1,1,1,3,4,2,0,4,4,1,4,3,1,1,3,2,4,4,3,3,2,1,1,3,4,2,3,2,1,4,3,0,2,4,4,3,1,3,3,3,1,2,4,1,2,1,2,2,1,1,3,3,3,3,3,3,2,1,4,4,2,3,4,3,2,4,4,3,2,4,3,1,3,2,4,2,3,3,2,4,3,2,4,1,2,2,4,2,4,2,2,4,4,2,2,1,1,4,2,
582
1115
0,0,2,2,4,3,0,0,0,0,0,0,0,0,0,3,1,1,0,0,0,0,4,1,4,0,0,3,4,2,3,0,0,0,0,0,0,0,0,0,3,4,2,0,0,0,0,2,4,3,3,1,2,3,2,2,4,0,0,0,0,0,0,0,1,2,1,1,0,0,0,0,1,1,2,2,4,4,2,2,4,3,0,0,0,0,0,0,0,3,4,3,1,0,0,0,2,4,3,2,2,2,3,3,2,3,2,0,0,0,0,0,0,0,4,2,1,4,3,0,0,4,1,3,1,2,1,2,3,4,3,4,0,0,0,0,0,0,0,1,3,2,3,3,0,0,4,2,4,4,2,1,1,1,2,2,2,0,0,1,0,0,0,0,2,1,3,4,2,0,1,1,2,4,2,1,1,1,3,2,3,3,0,0,2,0,0,0,0,2,2,2,1,3,4,1,4,3,1,1,2,4,1,3,2,4,2,0,0,2,0,0,0,3,3,4,1,1,4,4,4,3,2,1,1,1,1,1,4,3,1,2,0,0,1,0,0,0,1,3,3,2,1,4,1,2,4,3,1,2,1,1,1,3,2,4,3,0,3,1,4,1,1,3,4,1,2,2,2,4,4,4,3,4,2,4,1,1,1,3,4,2,0,4,4,1,4,3,1,1,3,2,4,4,3,3,2,1,1,3,4,2,3,2,1,4,3,0,2,4,4,3,1,3,3,3,1,2,4,1,2,1,2,2,1,1,3,3,3,3,3,3,2,1,4,4,2,3,4,3,2,4,4,3,2,4,3,1,3,2,4,2,3,3,2,4,3,2,4,1,2,2,4,2,4,2,2,4,4,2,2,1,1,4,2,
654
1118
0,0,0,0,0,0,0,0,0,0,0,0,0,0,0,3,1,1,0,0,0,0,4,1,4,0,0,0,0,4,3,0,0,0,0,0,0,0,0,0,3,4,2,0,0,0,0,2,4,3,3,0,0,2,2,3,0,0,0,0,0,0,0,0,1,2,1,1,0,0,0,0,1,1,2,2,1,2,4,2,2,0,0,0,0,0,0,0,0,3,4,3,1,0,0,0,2,4,3,2,2,4,3,3,2,4,0,0,0,0,0,0,0,0,4,2,1,4,3,0,0,4,1,3,1,2,2,2,2,2,3,4,0,0,0,0,0,0,0,1,3,2,3,3,0,0,4,2,4,4,2,1,4,3,4,3,3,0,0,1,0,0,0,0,2,1,3,4,2,0,1,1,2,4,2,1,1,3,3,2,2,2,0,0,2,0,0,0,0,2,2,2,1,3,4,1,4,3,1,1,2,1,2,1,2,3,4,0,0,2,0,0,0,3,3,4,1,1,4,4,4,3,2,1,1,1,4,1,3,2,4,2,0,0,1,0,0,0,1,3,3,2,1,4,1,2,4,3,1,2,1,1,1,3,3,1,3,0,3,1,4,1,1,3,4,1,2,2,2,4,4,4,3,4,2,4,1,1,4,2,4,2,0,4,4,1,4,3,1,1,3,2,4,4,3,3,2,1,1,3,4,1,1,3,3,4,2,0,2,4,4,3,1,3,3,3,1,2,4,1,2,1,2,2,1,1,2,1,1,1,4,3,2,1,4,4,2,3,4,3,2,4,4,3,2,4,3,1,3,2,4,2,1,2,2,4,2,2,4,1,2,2,4,2,4,2,2,4,4,2,2,1,1,4,2,
752
1118
0,0,0,0,0,0,0,0,0,0,0,0,0,0,0,3,1,1,0,0,0,0,4,1,4,0,0,0,0,0,3,0,0,0,0,0,0,0,0,0,3,4,2,0,0,0,0,2,4,3,0,0,0,0,4,3,0,0,0,0,0,0,0,0,1,2,1,1,0,0,0,0,1,1,2,0,0,0,2,2,2,0,0,0,0,0,0,0,0,3,4,3,1,0,0,0,2,4,3,2,3,0,0,4,2,4,0,0,0,0,0,0,0,0,4,2,1,4,3,0,0,4,1,3,1,2,0,0,3,2,3,4,0,0,0,0,0,0,0,1,3,2,3,3,0,0,4,2,4,4,2,1,0,2,2,3,3,0,0,1,0,0,0,0,2,1,3,4,2,0,1,1,2,4,2,2,4,0,3,4,2,2,0,0,2,0,0,0,0,2,2,2,1,3,4,1,4,3,1,1,2,2,0,3,2,3,4,0,0,2,0,0,0,3,3,4,1,1,4,4,4,3,2,1,1,1,1,2,1,2,4,2,0,0,1,0,0,0,1,3,3,2,1,4,1,2,4,3,1,2,2,1,3,3,2,1,3,0,3,1,4,1,1,3,4,1,2,2,2,4,4,4,3,4,2,4,1,2,3,3,4,2,0,4,4,1,4,3,1,1,3,2,4,4,3,3,2,1,1,3,4,4,4,4,2,4,2,0,2,4,4,3,1,3,3,3,1,2,4,1,2,1,2,2,1,1,2,3,3,3,4,3,2,1,4,4,2,3,4,3,2,4,4,3,2,4,3,1,3,2,4,2,2,2,2,4,2,2,4,1,2,2,4,2,4,2,2,4,4,2,2,1,1,4,2,
888
1118
0,0,0,0,0,0,0,0,0,0,0,0,0,0,0,3,1,1,0,0,0,0,4,1,4,0,0,0,0,0,3,0,0,0,0,0,0,0,0,0,3,4,2,0,0,0,0,2,4,3,0,0,0,0,0,3,0,0,0,0,0,0,0,0,1,2,1,1,0,0,0,0,1,1,2,0,0,0,0,4,2,0,0,0,0,0,0,0,0,3,4,3,1,0,0,0,2,4,3,2,3,0,0,2,2,4,0,0,0,0,0,0,0,0,4,2,1,4,3,0,0,4,1,3,1,2,0,0,4,2,3,4,0,0,0,0,0,0,0,1,3,2,3,3,0,0,4,2,4,4,2,0,0,3,2,3,3,0,0,1,0,0,0,0,2,1,3,4,2,0,1,1,2,4,2,2,0,0,2,2,2,2,0,0,2,0,0,0,0,2,2,2,1,3,4,1,4,3,1,1,2,1,0,3,4,3,4,0,0,2,0,0,0,3,3,4,1,1,4,4,4,3,2,1,1,1,4,0,3,2,4,2,0,0,1,0,0,0,1,3,3,2,1,4,1,2,4,3,1,2,2,2,2,1,2,1,3,0,3,1,4,1,1,3,4,1,2,2,2,4,4,4,3,4,2,4,1,3,3,2,4,2,0,4,4,1,4,3,1,1,3,2,4,4,3,3,2,1,1,3,4,1,2,3,3,4,2,0,2,4,4,3,1,3,3,3,1,2,4,1,2,1,2,2,1,1,1,4,4,2,4,3,2,1,4,4,2,3,4,3,2,4,4,3,2,4,3,1,3,2,4,4,3,3,3,4,2,2,4,1,2,2,4,2,4,2,2,4,4,2,2,1,1,4,2,
909
1118
0,0,0,0,0,0,0,0,0,0,0,0,0,0,0,3,1,1,0,0,0,0,4,1,4,0,0,0,0,0,3,0,0,0,0,0,0,0,0,0,3,4,2,0,0,0,0,2,4,3,0,0,0,0,0,3,0,0,0,0,0,0,0,0,1,2,1,1,0,0,0,0,1,1,2,0,0,0,0,4,2,0,0,0,0,0,0,0,0,3,4,3,1,0,0,0,2,4,3,2,0,0,0,2,2,4,0,0,0,0,0,0,0,0,4,2,1,4,3,0,0,4,1,3,1,3,0,0,4,2,3,4,0,0,0,0,0,0,0,1,3,2,3,3,0,0,4,2,4,4,2,0,0,3,2,3,3,0,0,1,0,0,0,0,2,1,3,4,2,0,1,1,2,4,2,2,0,0,2,2,2,2,0,0,2,0,0,0,0,2,2,2,1,3,4,1,4,3,1,1,2,0,0,3,4,3,4,0,0,2,0,0,0,3,3,4,1,1,4,4,4,3,2,1,1,2,0,0,3,2,4,2,0,0,1,0,0,0,1,3,3,2,1,4,1,2,4,3,1,2,1,0,2,1,2,1,3,0,3,1,4,1,1,3,4,1,2,2,2,4,4,4,3,4,2,2,1,3,3,2,4,2,0,4,4,1,4,3,1,1,3,2,4,4,3,3,2,1,1,3,4,4,2,3,3,4,2,0,2,4,4,3,1,3,3,3,1,2,4,1,2,1,2,2,1,4,2,4,4,2,4,3,2,1,4,4,2,3,4,3,2,4,4,3,2,4,3,1,3,2,4,4,3,3,3,4,2,2,4,1,2,2,4,2,4,2,2,4,4,2,2,1,1,4,2,
923
1118
0,0,0,0,0,0,0,0,0,0,0,0,0,0,0,3,1,1,0,0,0,0,4,1,4,0,0,0,0,0,3,0,0,0,0,0,0,0,0,0,3,4,2,0,0,0,0,2,4,3,0,0,0,0,0,3,0,0,0,0,0,0,0,0,1,2,1,1,0,0,0,0,1,1,2,0,0,0,0,4,2,0,0,0,0,0,0,0,0,3,4,3,1,0,0,0,2,4,3,2,0,0,0,2,2,4,0,0,0,0,0,0,0,0,4,2,1,4,3,0,0,4,1,3,1,0,0,0,4,2,3,4,0,0,0,0,0,0,0,1,3,2,3,3,0,0,4,2,4,4,0,0,0,3,2,3,3,0,0,1,0,0,0,0,2,1,3,4,2,0,1,1,2,4,2,0,0,0,2,2,2,2,0,0,2,0,0,0,0,2,2,2,1,3,4,1,4,3,1,1,3,0,0,3,4,3,4,0,0,2,0,0,0,3,3,4,1,1,4,4,4,3,2,1,1,2,0,0,3,2,4,2,0,0,1,0,0,0,1,3,3,2,1,4,1,2,4,3,1,2,2,0,2,1,2,1,3,0,3,1,4,1,1,3,4,1,2,2,2,4,4,4,3,4,2,2,0,3,3,2,4,2,0,4,4,1,4,3,1,1,3,2,4,4,3,3,2,1,1,3,2,0,2,3,3,4,2,0,2,4,4,3,1,3,3,3,1,2,4,1,2,1,2,2,1,1,1,4,4,2,4,3,2,1,4,4,2,3,4,3,2,4,4,3,2,4,3,1,3,2,2,2,3,3,3,4,2,2,4,1,2,2,4,2,4,2,2,4,4,2,2,1,1,4,2,
944
1118
0,0,0,0,0,0,0,0,0,0,0,0,0,0,0,3,1,1,0,0,0,0,4,1,4,0,0,0,0,0,3,0,0,0,0,0,0,0,0,0,3,4,2,0,0,0,0,2,4,3,0,0,0,0,0,3,0,0,0,0,0,0,0,0,1,2,1,1,0,0,0,0,1,1,2,0,0,0,0,4,2,0,0,0,0,0,0,0,0,3,4,3,1,0,0,0,2,4,3,2,0,0,0,2,2,4,0,0,0,0,0,0,0,0,4,2,1,4,3,0,0,4,1,3,1,0,0,0,4,2,3,4,0,0,0,0,0,0,0,1,3,2,3,3,0,0,4,2,4,4,0,0,0,3,2,3,3,0,0,1,0,0,0,0,2,1,3,4,2,0,1,1,2,4,2,0,0,0,2,2,2,2,0,0,2,0,0,0,0,2,2,2,1,3,4,1,4,3,1,1,0,0,0,3,4,3,4,0,0,2,0,0,0,3,3,4,1,1,4,4,4,3,2,1,1,3,0,0,3,2,4,2,0,0,1,0,0,0,1,3,3,2,1,4,1,2,4,3,1,2,2,0,2,1,2,1,3,0,3,1,4,1,1,3,4,1,2,2,2,4,4,4,3,4,2,2,0,3,3,2,4,2,0,4,4,1,4,3,1,1,3,2,4,4,3,3,2,1,1,3,2,0,2,3,3,4,2,0,2,4,4,3,1,3,3,3,1,2,4,1,2,1,2,2,1,2,0,4,4,2,4,3,2,1,4,4,2,3,4,3,2,4,4,3,2,4,3,1,3,2,2,2,3,3,3,4,2,2,4,1,2,2,4,2,4,2,2,4,4,2,2,1,1,4,2,
948
1118
0,0,0,0,0,0,0,0,0,0,0,0,0,0,0,3,1,1,0,0,0,0,4,1,4,0,0,0,0,0,3,0,0,0,0,0,0,0,0,0,3,4,2,0,0,0,0,2,4,3,0,0,0,0,0,3,0,0,0,0,0,0,0,0,1,2,1,1,0,0,0,0,1,1,2,0,0,0,0,4,2,0,0,0,0,0,0,0,0,3,4,3,1,0,0,0,2,4,3,2,0,0,0,2,2,4,0,0,0,0,0,0,0,0,4,2,1,4,3,0,0,4,1,3,1,0,0,0,4,2,3,4,0,0,0,0,0,0,0,1,3,2,3,3,0,0,4,2,4,4,0,0,0,3,2,3,3,0,0,1,0,0,0,0,2,1,3,4,2,0,1,1,2,4,2,0,0,0,2,2,2,2,0,0,2,0,0,0,0,2,2,2,1,3,4,1,4,3,1,1,0,0,0,3,4,3,4,0,0,2,0,0,0,3,3,4,1,1,4,4,4,3,2,1,1,0,0,0,3,2,4,2,0,0,1,0,0,0,1,3,3,2,1,4,1,2,4,3,1,2,0,0,2,1,2,1,3,0,3,1,4,1,1,3,4,1,2,2,2,4,4,4,3,4,2,0,0,3,3,2,4,2,0,4,4,1,4,3,1,1,3,2,4,4,3,3,2,1,1,3,0,0,2,3,3,4,2,0,2,4,4,3,1,3,3,3,1,2,4,1,2,1,2,2,1,0,0,4,4,2,4,3,2,1,4,4,2,3,4,3,2,4,4,3,2,4,3,1,3,2,3,0,3,3,3,4,2,2,4,1,2,2,4,2,4,2,2,4,4,2,2,1,1,4,2,
978
1118
0,0,0,0,0,0,0,0,0,0,0,0,0,0,0,3,1,1,0,0,0,0,4,1,4,0,0,0,0,0,3,0,0,0,0,0,0,0,0,0,3,4,2,0,0,0,0,2,4,3,0,0,0,0,0,3,0,0,0,0,0,0,0,0,1,2,1,1,0,0,0,0,1,1,2,0,0,0,0,0,2,0,0,0,0,0,0,0,0,3,4,3,1,0,0,0,2,4,3,2,0,0,0,0,4,4,0,0,0,0,0,0,0,0,4,2,1,4,3,0,0,4,1,3,1,0,0,0,2,2,3,4,0,0,0,0,0,0,0,1,3,2,3,3,0,0,4,2,4,4,0,0,0,4,2,3,3,0,0,1,0,0,0,0,2,1,3,4,2,0,1,1,2,4,2,0,0,0,3,2,2,2,0,0,2,0,0,0,0,2,2,2,1,3,4,1,4,3,1,1,0,0,0,2,2,3,4,0,0,2,0,0,0,3,3,4,1,1,4,4,4,3,2,1,1,0,0,0,3,4,4,2,0,0,1,0,0,0,1,3,3,2,1,4,1,2,4,3,1,2,0,0,0,3,2,1,3,0,3,1,4,1,1,3,4,1,2,2,2,4,4,4,3,4,2,0,0,2,1,2,4,2,0,4,4,1,4,3,1,1,3,2,4,4,3,3,2,1,1,3,0,0,3,3,2,4,2,0,2,4,4,3,1,3,3,3,1,2,4,1,2,1,2,2,1,0,0,2,3,3,4,3,2,1,4,4,2,3,4,3,2,4,4,3,2,4,3,1,3,2,3,0,4,4,2,4,2,2,4,1,2,2,4,2,4,2,2,4,4,2,2,1,1,4,2,
986
1118
0,0,0,0,0,0,0,0,0,0,0,0,0,0,0,3,1,1,0,0,0,0,4,1,4,0,0,0,0,0,3,0,0,0,0,0,0,0,0,0,3,4,2,0,0,0,0,2,4,3,0,0,0,0,0,3,0,0,0,0,0,0,0,0,1,2,1,1,0,0,0,0,1,1,2,0,0,0,0,0,2,0,0,0,0,0,0,0,0,3,4,3,1,0,0,0,2,4,3,2,0,0,0,0,4,4,0,0,0,0,0,0,0,0,4,2,1,4,3,0,0,4,1,3,1,0,0,0,0,2,3,4,0,0,0,0,0,0,0,1,3,2,3,3,0,0,4,2,4,4,0,0,0,2,2,3,3,0,0,1,0,0,0,0,2,1,3,4,2,0,1,1,2,4,2,0,0,0,4,2,2,2,0,0,2,0,0,0,0,2,2,2,1,3,4,1,4,3,1,1,0,0,0,3,2,3,4,0,0,2,0,0,0,3,3,4,1,1,4,4,4,3,2,1,1,0,0,0,2,4,4,2,0,0,1,0,0,0,1,3,3,2,1,4,1,2,4,3,1,2,0,0,0,3,2,1,3,0,3,1,4,1,1,3,4,1,2,2,2,4,4,4,3,4,2,0,0,0,3,2,4,2,0,4,4,1,4,3,1,1,3,2,4,4,3,3,2,1,1,3,0,0,2,1,2,4,2,0,2,4,4,3,1,3,3,3,1,2,4,1,2,1,2,2,1,0,0,3,3,3,4,3,2,1,4,4,2,3,4,3,2,4,4,3,2,4,3,1,3,2,3,0,2,3,2,4,2,2,4,1,2,2,4,2,4,2,2,4,4,2,2,1,1,4,2,
990
1118
0,0,0,0,0,0,0,0,0,0,0,0,0,0,0,3,1,1,0,0,0,0,4,1,4,0,0,0,0,0,3,0,0,0,0,0,0,0,0,0,3,4,2,0,0,0,0,2,4,3,0,0,0,0,0,3,0,0,0,0,0,0,0,0,1,2,1,1,0,0,0,0,1,1,2,0,0,0,0,0,2,0,0,0,0,0,0,0,0,3,4,3,1,0,0,0,2,4,3,2,0,0,0,0,0,4,0,0,0,0,0,0,0,0,4,2,1,4,3,0,0,4,1,3,1,0,0,0,0,4,3,4,0,0,0,0,0,0,0,1,3,2,3,3,0,0,4,2,4,4,0,0,0,0,2,3,3,0,0,1,0,0,0,0,2,1,3,4,2,0,1,1,2,4,2,0,0,0,0,2,2,2,0,0,2,0,0,0,0,2,2,2,1,3,4,1,4,3,1,1,0,0,0,2,2,3,4,0,0,2,0,0,0,3,3,4,1,1,4,4,4,3,2,1,1,0,0,0,4,2,4,2,0,0,1,0,0,0,1,3,3,2,1,4,1,2,4,3,1,2,0,0,0,3,4,1,3,0,3,1,4,1,1,3,4,1,2,2,2,4,4,4,3,4,2,0,0,0,2,2,4,2,0,4,4,1,4,3,1,1,3,2,4,4,3,3,2,1,1,3,0,0,0,3,2,4,2,0,2,4,4,3,1,3,3,3,1,2,4,1,2,1,2,2,1,0,0,2,3,2,4,3,2,1,4,4,2,3,4,3,2,4,4,3,2,4,3,1,3,2,3,0,2,1,2,4,2,2,4,1,2,2,4,2,4,2,2,4,4,2,2,1,1,4,2,
1004
1118
0,0,0,0,0,0,0,0,0,0,0,0,0,0,0,3,1,1,0,0,0,0,4,1,4,0,0,0,0,0,3,0,0,0,0,0,0,0,0,0,3,4,2,0,0,0,0,2,4,3,0,0,0,0,0,3,0,0,0,0,0,0,0,0,1,2,1,1,0,0,0,0,1,1,2,0,0,0,0,0,2,0,0,0,0,0,0,0,0,3,4,3,1,0,0,0,2,4,3,2,0,0,0,0,0,4,0,0,0,0,0,0,0,0,4,2,1,4,3,0,0,4,1,3,1,0,0,0,0,0,3,4,0,0,0,0,0,0,0,1,3,2,3,3,0,0,4,2,4,4,0,0,0,0,0,3,3,0,0,1,0,0,0,0,2,1,3,4,2,0,1,1,2,4,2,0,0,0,0,0,2,2,0,0,2,0,0,0,0,2,2,2,1,3,4,1,4,3,1,1,0,0,0,0,0,3,4,0,0,2,0,0,0,3,3,4,1,1,4,4,4,3,2,1,1,0,0,0,2,4,4,2,0,0,1,0,0,0,1,3,3,2,1,4,1,2,4,3,1,2,0,0,0,4,2,1,3,0,3,1,4,1,1,3,4,1,2,2,2,4,4,4,3,4,2,0,0,0,3,2,4,2,0,4,4,1,4,3,1,1,3,2,4,4,3,3,2,1,1,3,0,0,0,3,2,4,2,0,2,4,4,3,1,3,3,3,1,2,4,1,2,1,2,2,1,0,0,2,3,2,4,3,2,1,4,4,2,3,4,3,2,4,4,3,2,4,3,1,3,2,3,0,2,1,4,4,2,2,4,1,2,2,4,2,4,2,2,4,4,2,2,1,1,4,2,
1025
1118
0,0,0,0,0,0,0,0,0,0,0,0,0,0,0,3,1,1,0,0,0,0,4,1,4,0,0,0,0,0,3,0,0,0,0,0,0,0,0,0,3,4,2,0,0,0,0,2,4,3,0,0,0,0,0,3,0,0,0,0,0,0,0,0,1,2,1,1,0,0,0,0,1,1,2,0,0,0,0,0,2,0,0,0,0,0,0,0,0,3,4,3,1,0,0,0,2,4,3,2,0,0,0,0,0,4,0,0,0,0,0,0,0,0,4,2,1,4,3,0,0,4,1,3,1,0,0,0,0,0,3,4,0,0,0,0,0,0,0,1,3,2,3,3,0,0,4,2,4,4,0,0,0,0,0,3,3,0,0,1,0,0,0,0,2,1,3,4,2,0,1,1,2,4,2,0,0,0,0,0,2,2,0,0,2,0,0,0,0,2,2,2,1,3,4,1,4,3,1,1,0,0,0,0,0,3,4,0,0,2,0,0,0,3,3,4,1,1,4,4,4,3,2,1,1,0,0,0,2,0,4,2,0,0,1,0,0,0,1,3,3,2,1,4,1,2,4,3,1,2,0,0,0,4,0,1,3,0,3,1,4,1,1,3,4,1,2,2,2,4,4,4,3,4,2,0,0,0,3,0,4,2,0,4,4,1,4,3,1,1,3,2,4,4,3,3,2,1,1,3,0,0,0,3,0,4,2,0,2,4,4,3,1,3,3,3,1,2,4,1,2,1,2,2,1,0,0,2,3,4,4,3,2,1,4,4,2,3,4,3,2,4,4,3,2,4,3,1,3,2,3,0,2,1,4,4,2,2,4,1,2,2,4,2,4,2,2,4,4,2,2,1,1,4,2,
1053
1120
0,0,0,0,0,0,0,0,0,0,0,0,0,0,0,3,1,1,0,0,0,0,4,1,4,0,0,0,0,0,0,0,0,0,0,0,0,0,0,0,3,4,2,0,0,0,0,2,4,3,0,0,0,0,0,0,0,0,0,0,0,0,0,0,1,2,1,1,0,0,0,0,1,1,2,0,0,0,0,0,0,0,0,0,0,0,0,0,0,3,4,3,1,0,0,0,2,4,3,2,0,0,0,0,0,0,0,0,0,0,0,0,0,0,4,2,1,4,3,0,0,4,1,3,1,0,0,0,0,0,3,4,0,0,0,0,0,0,0,1,3,2,3,3,0,0,4,2,4,4,0,0,0,0,0,3,3,0,0,1,0,0,0,0,2,1,3,4,2,0,1,1,2,4,2,0,0,0,0,0,2,2,0,0,2,0,0,0,0,2,2,2,1,3,4,1,4,3,1,1,0,0,0,0,0,4,4,0,0,2,0,0,0,3,3,4,1,1,4,4,4,3,2,1,1,0,0,0,2,0,3,2,0,0,1,0,0,0,1,3,3,2,1,4,1,2,4,3,1,2,0,0,0,4,0,3,3,0,3,1,4,1,1,3,4,1,2,2,2,4,4,4,3,4,2,0,0,0,3,0,2,2,0,4,4,1,4,3,1,1,3,2,4,4,3,3,2,1,1,3,0,0,0,3,0,3,2,0,2,4,4,3,1,3,3,3,1,2,4,1,2,1,2,2,1,0,0,2,3,0,4,3,2,1,4,4,2,3,4,3,2,4,4,3,2,4,3,1,3,2,3,0,2,1,0,1,2,2,4,1,2,2,4,2,4,2,2,4,4,2,2,1,1,4,2,
1083
1120
